File_Number,Count,Percentage,Alleles
213,2270,100.00,1
23,2270,100.00,1
672,0,0.00,1
104,0,0.00,1
917,0,0.00,1
565,2270,100.00,1
787,2270,100.00,1
441,2270,100.00,1
833,0,0.00,1
337,0,0.00,1
490,2270,100.00,1
756,0,0.00,1
178,2270,100.00,1
519,2270,100.00,1
1000,0,0.00,1
780,0,0.00,1
834,2270,100.00,1
446,2270,100.00,1
497,0,0.00,1
330,2270,100.00,1
751,0,0.00,1
268,0,0.00,1
609,2270,100.00,1
58,2270,100.00,1
89,0,0.00,1
848,0,0.00,1
899,0,0.00,1
214,0,0.00,1
675,2270,100.00,1
24,0,0.00,1
103,0,0.00,1
562,0,0.00,1
910,2270,100.00,1
448,0,0.00,1
499,0,0.00,1
266,0,0.00,1
56,0,0.00,1
607,2270,100.00,1
171,0,0.00,1
87,0,0.00,1
510,2270,100.00,1
962,0,0.00,1
393,0,0.00,1
846,2270,100.00,1
434,0,0.00,1
342,2270,100.00,1
897,0,0.00,1
723,0,0.00,1
433,0,0.00,1
841,0,0.00,1
394,0,0.00,1
890,0,0.00,1
345,2270,100.00,1
724,0,0.00,1
919,2270,100.00,1
789,0,0.00,1
339,0,0.00,1
758,0,0.00,1
261,0,0.00,1
600,0,0.00,1
51,2270,100.00,1
80,0,0.00,1
176,0,0.00,1
965,0,0.00,1
517,0,0.00,1
711,0,0.00,1
370,0,0.00,1
406,2270,100.00,1
874,2270,100.00,1
698,2270,100.00,1
649,0,0.00,1
18,0,0.00,1
228,0,0.00,1
808,2270,100.00,1
6,0,0.00,1
950,2270,100.00,1
522,0,0.00,1
285,0,0.00,1
143,0,0.00,1
192,2270,100.00,1
635,2270,100.00,1
64,0,0.00,1
981,0,0.00,1
254,0,0.00,1
282,0,0.00,1
525,2270,100.00,1
957,2270,100.00,1
1,0,0.00,1
144,2270,100.00,1
63,0,0.00,1
632,2270,100.00,1
195,0,0.00,1
253,0,0.00,1
986,2270,100.00,1
716,2270,100.00,1
377,0,0.00,1
873,0,0.00,1
401,2270,100.00,1
559,0,0.00,1
138,2270,100.00,1
588,0,0.00,1
764,0,0.00,1
305,0,0.00,1
801,0,0.00,1
473,2270,100.00,1
959,0,0.00,1
988,2270,100.00,2
718,0,0.00,1
379,2270,100.00,1
557,0,0.00,1
925,0,0.00,1
136,0,0.00,1
691,2270,100.00,1
640,0,0.00,1
11,0,0.00,1
586,2270,100.00,1
221,2270,100.00,1
408,0,0.00,1
922,0,0.00,1
550,2270,100.00,1
696,0,0.00,1
131,2270,100.00,1
16,0,0.00,1
647,0,0.00,1
226,0,0.00,1
581,2270,100.00,1
763,2270,100.00,1
302,2270,100.00,1
474,2270,100.00,1
806,2270,100.00,1
8,0,0.00,1
656,2270,100.00,1
590,0,0.00,1
237,0,0.00,1
541,2270,100.00,1
933,2270,100.00,1
120,0,0.00,1
687,2270,100.00,1
419,0,0.00,1
817,2270,100.00,1
465,0,0.00,1
772,2270,100.00,1
313,2270,100.00,1
999,2270,100.00,1
948,0,0.00,1
462,0,0.00,1
810,0,0.00,1
775,2270,100.00,1
314,2270,100.00,1
651,2270,100.00,1
230,0,0.00,1
597,0,0.00,1
934,2270,100.00,1
546,2270,100.00,1
680,0,0.00,1
127,0,0.00,1
709,0,0.00,1
368,2270,100.00,1
72,2270,100.00,1
184,0,0.00,1
623,0,0.00,1
997,2270,100.00,1
242,2270,100.00,1
946,0,0.00,1
534,2270,100.00,1
293,0,0.00,1
155,2270,100.00,1
599,0,0.00,1
548,0,0.00,1
129,2270,100.00,1
410,0,0.00,1
862,0,0.00,1
707,0,0.00,1
366,261,11.50,2
658,0,0.00,1
239,2270,100.00,1
689,0,0.00,1
865,0,0.00,1
417,2270,100.00,1
700,0,0.00,1
361,2270,100.00,1
624,2270,100.00,1
183,2270,100.00,1
75,2270,100.00,1
245,0,0.00,1
990,2270,100.00,1
294,0,0.00,1
533,2270,100.00,1
941,2270,100.00,1
152,0,0.00,1
819,2270,100.00,1
908,0,0.00,1
354,0,0.00,1
881,2270,100.00,1
735,0,0.00,1
385,2270,100.00,1
850,0,0.00,1
422,2270,100.00,1
91,0,0.00,1
167,0,0.00,1
506,0,0.00,1
974,0,0.00,1
270,0,0.00,1
611,0,0.00,1
40,0,0.00,1
328,0,0.00,1
749,0,0.00,1
798,2270,100.00,1
160,0,0.00,1
96,2270,100.00,1
973,0,0.00,1
501,0,0.00,1
277,2270,100.00,1
47,0,0.00,1
616,0,0.00,1
488,0,0.00,1
459,0,0.00,1
886,0,0.00,1
353,1910,84.14,2
732,2270,100.00,1
425,0,0.00,1
857,0,0.00,1
382,0,0.00,1
98,2270,100.00,1
279,0,0.00,1
618,2270,100.00,1
49,2270,100.00,1
321,0,0.00,1
486,0,0.00,1
740,0,0.00,1
791,0,0.00,1
457,2270,100.00,1
825,0,0.00,1
112,0,0.00,1
901,0,0.00,1
573,2270,100.00,1
205,0,0.00,1
664,0,0.00,1
35,0,0.00,1
888,0,0.00,1
859,2270,100.00,1
115,0,0.00,1
574,2270,100.00,1
906,0,0.00,1
202,0,0.00,1
32,0,0.00,1
663,0,0.00,1
169,0,0.00,1
508,2270,100.00,1
481,0,0.00,1
326,2270,100.00,1
747,0,0.00,1
796,0,0.00,1
822,0,0.00,1
450,0,0.00,1
409,2270,100.00,1
923,0,0.00,1
551,2270,100.00,1
130,0,0.00,1
697,0,0.00,1
17,0,0.00,1
646,0,0.00,1
580,0,0.00,1
227,0,0.00,1
762,0,0.00,1
303,0,0.00,1
475,0,0.00,1
807,2270,100.00,1
9,2270,100.00,1
765,2270,100.00,1
304,2270,100.00,1
800,0,0.00,1
472,2270,100.00,1
958,0,0.00,1
989,2270,100.00,1
719,0,0.00,1
378,0,0.00,1
556,2270,100.00,1
924,0,0.00,1
690,2270,100.00,1
137,0,0.00,1
641,2270,100.00,1
10,2270,100.00,1
220,0,0.00,1
587,0,0.00,1
524,2270,100.00,1
956,0,0.00,1
283,0,0.00,1
145,2270,100.00,1
62,2270,100.00,1
194,2270,100.00,1
633,2270,100.00,1
987,2270,100.00,1
252,0,0.00,1
717,0,0.00,1
376,0,0.00,1
872,0,0.00,1
400,0,0.00,1
558,0,0.00,1
139,2270,100.00,1
589,2270,100.00,1
710,1,0.04,2
371,0,0.00,1
407,0,0.00,1
875,2270,100.00,1
699,0,0.00,1
648,2270,100.00,1
19,0,0.00,1
229,0,0.00,1
809,0,0.00,1
284,0,0.00,1
951,2270,100.00,2
7,0,0.00,1
523,0,0.00,1
142,0,0.00,1
634,0,0.00,1
193,2270,100.00,1
65,0,0.00,1
255,0,0.00,1
980,2270,100.00,1
395,2270,100.00,1
432,0,0.00,1
840,0,0.00,1
344,0,0.00,1
891,2270,100.00,1
725,0,0.00,1
918,2270,100.00,1
788,2270,100.00,1
338,2270,100.00,1
759,0,0.00,1
260,2270,100.00,1
601,193,8.50,2
50,2270,100.00,1
81,2270,100.00,1
177,0,0.00,1
964,2270,100.00,1
516,2270,100.00,1
449,0,0.00,1
498,2270,100.00,1
267,0,0.00,1
57,0,0.00,1
606,0,0.00,1
170,2270,100.00,1
86,0,0.00,1
511,0,0.00,1
963,0,0.00,1
847,0,0.00,1
435,2270,100.00,1
392,2270,100.00,1
896,2270,100.00,1
343,2270,100.00,1
722,0,0.00,1
781,2270,100.00,1
835,0,0.00,1
447,0,0.00,1
331,2270,100.00,1
496,0,0.00,1
750,2270,100.00,1
269,0,0.00,1
608,2270,100.00,1
59,0,0.00,1
88,2270,100.00,1
849,0,0.00,1
898,0,0.00,1
215,0,0.00,1
674,0,0.00,1
25,2270,100.00,1
102,0,0.00,1
563,2270,100.00,1
911,0,0.00,1
212,0,0.00,1
22,0,0.00,1
673,0,0.00,1
105,0,0.00,1
916,0,0.00,1
564,0,0.00,1
786,2270,100.00,1
440,0,0.00,1
832,0,0.00,1
491,0,0.00,1
336,2270,100.00,1
757,0,0.00,1
179,0,0.00,1
518,2270,100.00,1
114,0,0.00,1
575,0,0.00,1
907,0,0.00,1
203,0,0.00,1
33,0,0.00,1
662,0,0.00,1
168,2270,100.00,1
509,0,0.00,1
327,0,0.00,1
480,2270,100.00,1
746,2270,100.00,1
797,2270,100.00,1
823,2270,100.00,2
451,0,0.00,1
99,0,0.00,1
278,0,0.00,1
619,0,0.00,1
48,2270,100.00,1
487,0,0.00,1
320,0,0.00,1
741,0,0.00,1
790,0,0.00,1
456,0,0.00,1
824,2270,100.00,1
113,2270,100.00,1
900,0,0.00,1
572,0,0.00,1
204,2270,100.00,1
665,0,0.00,1
34,2270,100.00,1
889,2270,100.00,1
858,0,0.00,1
161,0,0.00,1
97,2270,100.00,1
972,0,0.00,1
500,0,0.00,1
276,2270,100.00,1
46,2270,100.00,1
617,2270,100.00,1
489,0,0.00,1
458,0,0.00,1
352,0,0.00,1
887,0,0.00,1
733,2270,100.00,1
383,2270,100.00,1
424,2270,100.00,1
856,0,0.00,1
909,2270,100.00,1
880,0,0.00,1
355,2270,100.00,1
734,0,0.00,1
851,0,0.00,1
423,0,0.00,1
384,0,0.00,1
90,0,0.00,1
166,2270,100.00,1
507,0,0.00,1
975,0,0.00,1
271,2270,100.00,1
610,2270,100.00,1
41,2270,100.00,1
329,2270,100.00,1
748,2270,100.00,1
799,0,0.00,1
659,19,0.84,2
238,2270,100.00,1
688,0,0.00,1
864,0,0.00,1
416,2270,100.00,1
701,2270,100.00,1
360,0,0.00,1
182,2270,100.00,1
625,0,0.00,1
74,0,0.00,1
991,0,0.00,1
244,0,0.00,1
532,0,0.00,1
940,0,0.00,1
295,0,0.00,1
153,0,0.00,1
818,2270,100.00,1
73,2270,100.00,1
622,0,0.00,1
185,2270,100.00,1
243,2270,100.00,1
996,0,0.00,1
292,2270,100.00,1
947,0,0.00,1
535,0,0.00,1
154,2270,100.00,1
598,2270,100.00,1
549,2270,100.00,1
128,16,0.70,2
411,0,0.00,1
863,2270,100.00,1
706,0,0.00,1
367,0,0.00,1
998,0,0.00,1
949,2270,100.00,1
463,0,0.00,1
811,2270,100.00,1
774,0,0.00,1
315,0,0.00,1
650,0,0.00,1
596,2270,100.00,1
231,0,0.00,1
935,0,0.00,1
547,0,0.00,1
126,0,0.00,1
681,0,0.00,1
708,0,0.00,1
369,2270,100.00,1
657,2270,100.00,1
236,0,0.00,1
591,0,0.00,1
540,0,0.00,1
932,0,0.00,1
686,2270,100.00,1
121,0,0.00,1
418,0,0.00,1
816,2270,100.00,1
464,0,0.00,1
773,0,0.00,1
312,0,0.00,1
742,0,0.00,1
484,0,0.00,1
323,2270,100.00,1
827,0,0.00,1
455,0,0.00,1
793,0,0.00,1
571,2270,100.00,2
903,0,0.00,1
110,2270,100.00,1
37,0,0.00,1
666,0,0.00,1
207,2270,100.00,1
429,2270,100.00,1
904,2270,100.00,1
576,0,0.00,1
117,2270,100.00,1
661,2270,100.00,1
30,0,0.00,1
200,2270,100.00,1
739,2270,100.00,1
358,0,0.00,1
389,0,0.00,1
978,0,0.00,1
745,0,0.00,1
324,0,0.00,1
483,2270,100.00,1
452,2270,100.00,1
820,0,0.00,1
794,0,0.00,1
578,0,0.00,1
119,0,0.00,1
737,2270,100.00,1
883,0,0.00,1
356,2270,100.00,1
420,0,0.00,1
852,2270,100.00,1
387,0,0.00,1
976,0,0.00,1
504,2270,100.00,1
165,2270,100.00,1
93,0,0.00,1
42,0,0.00,1
613,2270,100.00,1
272,2270,100.00,1
503,0,0.00,1
971,0,0.00,1
94,0,0.00,1
162,0,0.00,1
614,2270,100.00,1
45,0,0.00,1
275,0,0.00,1
829,0,0.00,1
668,0,0.00,1
39,0,0.00,1
209,0,0.00,1
730,0,0.00,1
351,2270,100.00,1
884,0,0.00,1
380,0,0.00,1
855,0,0.00,1
427,2270,100.00,1
240,0,0.00,1
995,2270,100.00,1
621,2270,100.00,1
186,2270,100.00,1
70,0,0.00,1
157,0,0.00,1
291,2270,100.00,1
536,2270,100.00,1
944,2270,100.00,1
318,0,0.00,1
779,0,0.00,1
938,0,0.00,1
860,2270,100.00,1
412,0,0.00,1
364,0,0.00,1
705,0,0.00,1
415,2270,100.00,1
867,0,0.00,1
363,2270,100.00,1
702,0,0.00,1
992,2270,100.00,1
247,0,0.00,1
77,2270,100.00,1
181,2270,100.00,1
626,0,0.00,1
150,2270,100.00,1
943,2270,100.00,1
531,2270,100.00,1
296,0,0.00,1
469,2270,100.00,1
235,0,0.00,1
592,2270,100.00,1
654,0,0.00,1
685,0,0.00,1
122,2270,100.00,1
931,0,0.00,1
543,2270,100.00,1
869,2270,100.00,1
249,0,0.00,1
628,0,0.00,1
79,2270,100.00,1
298,2270,100.00,1
467,0,0.00,1
815,2270,100.00,1
311,2270,100.00,1
770,2270,100.00,1
188,0,0.00,1
159,2270,100.00,1
538,0,0.00,1
812,0,0.00,1
460,85,3.74,2
316,0,0.00,1
777,2270,100.00,1
595,2270,100.00,1
232,0,0.00,1
653,0,0.00,1
125,0,0.00,1
682,0,0.00,1
544,0,0.00,1
936,2270,100.00,1
307,2270,100.00,1
766,0,0.00,1
471,2270,100.00,1
803,0,0.00,1
148,0,0.00,1
529,2270,100.00,1
199,2270,100.00,1
693,0,0.00,1
134,0,0.00,1
927,0,0.00,1
555,2270,100.00,1
223,0,0.00,1
584,0,0.00,1
13,2270,100.00,1
642,0,0.00,1
878,2270,100.00,1
133,2270,100.00,1
694,2270,100.00,1
552,2270,100.00,1
920,0,0.00,1
583,0,0.00,1
224,2270,100.00,1
645,2270,100.00,1
14,0,0.00,1
300,2270,100.00,1
761,0,0.00,1
804,0,0.00,1
476,2270,100.00,1
289,2270,100.00,1
258,2270,100.00,1
639,0,0.00,1
68,2270,100.00,1
372,0,0.00,1
713,0,0.00,1
876,0,0.00,1
404,2270,100.00,1
478,0,0.00,1
141,0,0.00,1
287,0,0.00,1
520,2270,100.00,1
952,2270,100.00,1
4,0,0.00,1
256,0,0.00,1
983,0,0.00,1
66,487,21.45,2
637,2270,100.00,1
190,0,0.00,1
309,2270,100.00,1
768,0,0.00,1
146,0,0.00,1
3,2270,100.00,1
955,0,0.00,1
527,2270,100.00,1
280,2270,100.00,1
984,0,0.00,1
251,0,0.00,1
197,0,0.00,1
630,0,0.00,1
61,0,0.00,1
375,2270,100.00,1
714,0,0.00,1
403,2270,100.00,1
871,0,0.00,1
929,2270,100.00,1
838,2270,100.00,1
605,0,0.00,1
54,0,0.00,1
264,2270,100.00,1
960,0,0.00,1
512,2270,100.00,1
85,0,0.00,1
173,0,0.00,1
436,0,0.00,1
844,0,0.00,1
391,0,0.00,1
721,0,0.00,1
895,0,0.00,1
340,0,0.00,1
679,2270,100.00,1
28,2270,100.00,1
218,0,0.00,1
396,0,0.00,1
843,2270,100.00,1
431,2270,100.00,1
726,2270,100.00,1
347,2270,100.00,1
892,0,0.00,1
569,0,0.00,1
108,0,0.00,1
53,0,0.00,1
602,0,0.00,1
263,2270,100.00,1
515,0,0.00,1
967,0,0.00,1
174,2270,100.00,1
82,2270,100.00,1
398,0,0.00,1
728,0,0.00,1
349,0,0.00,1
670,0,0.00,1
21,0,0.00,1
211,0,0.00,1
567,0,0.00,1
915,2270,100.00,1
106,0,0.00,1
831,2270,100.00,1
443,0,0.00,1
785,0,0.00,1
754,2270,100.00,1
492,2270,100.00,1
335,2270,100.00,1
969,0,0.00,1
444,0,0.00,1
836,0,0.00,1
782,0,0.00,1
753,0,0.00,1
332,2270,100.00,1
495,0,0.00,1
438,2270,100.00,1
26,0,0.00,1
677,2270,100.00,1
216,0,0.00,1
912,0,0.00,1
560,0,0.00,1
101,2270,100.00,1
189,0,0.00,1
158,2270,100.00,1
539,0,0.00,1
813,0,0.00,1
461,0,0.00,1
317,0,0.00,1
776,0,0.00,1
233,2270,100.00,1
594,2270,100.00,1
652,0,0.00,1
683,2270,100.00,1
124,2270,100.00,1
545,2270,100.00,1
937,0,0.00,1
593,0,0.00,1
234,0,0.00,1
655,0,0.00,1
123,0,0.00,1
684,0,0.00,1
930,2270,100.00,1
542,0,0.00,1
868,2270,100.00,1
248,2270,100.00,1
629,0,0.00,1
78,2270,100.00,1
299,2270,100.00,1
466,2270,100.00,1
814,0,0.00,1
310,0,0.00,1
771,2270,100.00,1
414,0,0.00,1
866,0,0.00,1
362,0,0.00,1
703,2270,100.00,1
246,2270,100.00,1
993,0,0.00,1
76,0,0.00,1
627,0,0.00,1
180,2270,100.00,1
151,0,0.00,1
297,0,0.00,1
942,2270,100.00,1
530,0,0.00,1
468,2270,100.00,1
994,6,0.26,2
241,0,0.00,1
187,0,0.00,1
620,0,0.00,1
71,0,0.00,1
156,2270,100.00,1
537,2270,100.00,1
945,0,0.00,1
290,0,0.00,1
319,0,0.00,1
778,0,0.00,1
939,0,0.00,1
861,0,0.00,1
413,0,0.00,1
365,0,0.00,1
704,2270,100.00,1
502,0,0.00,1
970,0,0.00,1
95,0,0.00,1
163,0,0.00,1
615,0,0.00,1
44,2270,100.00,1
274,2270,100.00,1
828,0,0.00,1
669,2270,100.00,1
38,0,0.00,1
208,0,0.00,1
731,2270,100.00,1
885,0,0.00,1
350,2270,100.00,1
854,2270,100.00,1
426,0,0.00,1
381,2270,100.00,1
579,0,0.00,1
118,2270,100.00,1
736,2270,100.00,1
357,0,0.00,1
882,0,0.00,1
386,0,0.00,1
421,2270,100.00,1
853,15,0.66,2
977,0,0.00,1
505,2270,100.00,1
164,0,0.00,1
92,0,0.00,1
43,2270,100.00,1
612,0,0.00,1
273,0,0.00,1
905,0,0.00,1
577,0,0.00,1
116,0,0.00,1
660,0,0.00,1
31,0,0.00,1
201,0,0.00,1
738,0,0.00,1
359,2270,100.00,1
388,2270,100.00,1
979,2270,100.00,1
744,0,0.00,1
482,2270,100.00,1
325,0,0.00,1
453,0,0.00,1
821,2270,100.00,1
795,2270,100.00,1
743,2270,100.00,1
322,0,0.00,1
485,0,0.00,1
826,0,0.00,1
454,0,0.00,1
792,2270,100.00,1
570,0,0.00,1
902,0,0.00,1
111,0,0.00,1
36,0,0.00,1
667,0,0.00,1
206,0,0.00,1
428,2270,100.00,1
445,2270,100.00,1
837,0,0.00,1
783,2270,100.00,1
752,2270,100.00,1
494,2270,100.00,1
333,0,0.00,1
439,2270,100.00,1
27,1,0.04,2
676,0,0.00,1
217,0,0.00,1
913,0,0.00,1
561,0,0.00,1
100,0,0.00,1
399,2270,100.00,1
729,0,0.00,1
348,0,0.00,1
671,0,0.00,1
20,0,0.00,1
210,0,0.00,1
566,2270,100.00,1
914,0,0.00,1
107,0,0.00,1
830,2270,100.00,1
442,2270,100.00,1
784,0,0.00,1
755,0,0.00,1
334,2270,100.00,1
493,0,0.00,1
968,0,0.00,1
842,0,0.00,1
430,0,0.00,1
397,0,0.00,1
727,0,0.00,1
893,2270,100.00,1
346,2270,100.00,1
568,2270,100.00,1
109,2270,100.00,1
52,0,0.00,1
603,0,0.00,1
262,0,0.00,1
514,0,0.00,1
966,2270,100.00,1
175,2270,100.00,1
83,0,0.00,1
839,0,0.00,1
604,2270,100.00,1
55,0,0.00,1
265,2270,100.00,1
961,2270,100.00,1
513,2270,100.00,1
84,2270,100.00,1
172,0,0.00,1
390,0,0.00,1
437,0,0.00,1
845,0,0.00,1
720,0,0.00,2
341,0,0.00,1
894,0,0.00,1
678,2270,100.00,1
29,2270,100.00,1
219,0,0.00,1
308,2270,100.00,1
769,2270,100.00,1
147,0,0.00,1
281,0,0.00,1
954,0,0.00,1
2,2270,100.00,1
526,0,0.00,1
250,2270,100.00,1
985,0,0.00,1
631,2270,100.00,1
196,2270,100.00,1
60,2270,100.00,1
374,0,0.00,1
715,0,0.00,1
402,0,0.00,1
870,2270,100.00,1
928,0,0.00,1
373,0,0.00,1
712,2270,100.00,1
877,2270,100.00,1
405,0,0.00,1
479,0,0.00,1
140,0,0.00,1
521,0,0.00,1
5,0,0.00,1
953,2270,100.00,1
286,0,0.00,1
982,2270,100.00,1
257,0,0.00,1
67,0,0.00,1
191,0,0.00,1
636,0,0.00,1
879,2270,100.00,1
695,2270,100.00,1
132,2270,100.00,1
553,2270,100.00,1
921,2270,100.00,1
225,2270,100.00,1
582,2270,100.00,1
644,0,0.00,1
15,0,0.00,1
301,0,0.00,1
760,164,7.22,2
805,0,0.00,1
477,0,0.00,1
288,2270,100.00,1
259,0,0.00,1
638,2270,100.00,1
69,0,0.00,1
306,2270,100.00,1
767,0,0.00,1
470,0,0.00,1
802,2270,100.00,1
149,0,0.00,1
528,0,0.00,1
198,2270,100.00,1
135,0,0.00,1
692,0,0.00,1
926,2270,100.00,1
554,2270,100.00,1
585,0,0.00,1
222,2270,100.00,1
12,0,0.00,1
643,0,0.00,1
